# x z Fx[N] Fy[N] Fz[N]
-0.03 -0.03 1.47614e-15 5.7611e-25 1.55285e-15
-0.03 -0.0257143 1.72776e-15 8.33141e-25 1.18354e-15
-0.03 -0.0214286 2.17836e-15 -2.55248e-25 8.83433e-16
-0.03 -0.0171429 3.07129e-15 4.73815e-25 2.21781e-15
-0.03 -0.0128571 4.82932e-15 1.94188e-24 2.19666e-15
-0.03 -0.00857143 4.20882e-15 1.4323e-24 4.01277e-16
-0.03 -0.00428571 2.32716e-15 1.17241e-24 -1.95013e-16
-0.03 3.46945e-18 1.29726e-15 4.80292e-24 8.63411e-16
-0.03 0.00428571 4.01765e-16 1.26798e-23 2.15681e-15
-0.03 0.00857143 -9.78175e-16 2.22401e-23 2.86504e-15
-0.03 0.0128571 -2.41233e-15 2.98341e-23 2.93482e-15
-0.03 0.0171429 -3.28866e-15 3.25426e-23 2.53019e-15
-0.03 0.0214286 -3.36422e-15 2.96377e-23 1.86121e-15
-0.03 0.0257143 -2.80854e-15 2.26941e-23 1.186e-15
-0.03 0.03 -1.97325e-15 1.44545e-23 7.14653e-16

-0.0257143 -0.03 1.26815e-15 -2.17621e-25 1.80653e-15
-0.0257143 -0.0257143 2.03989e-15 -8.96684e-25 1.9779e-15
-0.0257143 -0.0214286 3.17613e-15 8.06476e-25 3.04272e-15
-0.0257143 -0.0171429 3.66829e-15 1.25175e-24 3.02888e-15
-0.0257143 -0.0128571 5.25897e-15 2.24381e-25 1.36668e-15
-0.0257143 -0.00857143 5.34855e-15 2.23408e-25 -2.00242e-16
-0.0257143 -0.00428571 2.91764e-15 7.14702e-25 -5.82207e-16
-0.0257143 3.46945e-18 4.81643e-16 3.14475e-24 -2.84768e-16
-0.0257143 0.00428571 -1.6105e-15 1.08784e-23 5.17164e-16
-0.0257143 0.00857143 -3.54832e-15 2.24834e-23 1.77774e-15
-0.0257143 0.0128571 -4.59363e-15 3.19072e-23 2.74275e-15
-0.0257143 0.0171429 -4.51471e-15 3.4285e-23 2.78412e-15
-0.0257143 0.0214286 -3.74143e-15 2.92397e-23 2.10979e-15
-0.0257143 0.0257143 -2.70576e-15 2.00103e-23 1.32934e-15
-0.0257143 0.03 -1.69775e-15 1.07573e-23 8.23392e-16

-0.0214286 -0.03 9.9558e-16 2.30493e-25 2.35797e-15
-0.0214286 -0.0257143 7.86248e-16 1.33648e-24 2.83679e-15
-0.0214286 -0.0214286 2.56157e-15 -4.54401e-26 3.82363e-15
-0.0214286 -0.0171429 5.37138e-15 -7.8533e-25 5.35241e-15
-0.0214286 -0.0128571 8.17124e-15 7.28511e-25 4.59093e-15
-0.0214286 -0.00857143 8.77801e-15 1.80264e-24 1.30053e-15
-0.0214286 -0.00428571 5.08706e-15 5.47191e-24 -4.43266e-16
-0.0214286 3.46945e-18 7.54329e-16 1.60604e-23 1.43154e-15
-0.0214286 0.00428571 -1.25489e-15 3.06312e-23 4.45964e-15
-0.0214286 0.00857143 -2.26536e-15 4.21491e-23 5.67087e-15
-0.0214286 0.0128571 -3.45168e-15 4.55401e-23 4.65395e-15
-0.0214286 0.0171429 -4.16427e-15 3.98793e-23 2.77635e-15
-0.0214286 0.0214286 -3.75451e-15 2.82483e-23 1.29235e-15
-0.0214286 0.0257143 -2.55616e-15 1.578e-23 5.73267e-16
-0.0214286 0.03 -1.34351e-15 6.5616e-24 3.91423e-16

-0.0171429 -0.03 2.99431e-16 4.2754e-25 2.03803e-15
-0.0171429 -0.0257143 6.93291e-16 -8.8942e-25 2.16678e-15
-0.0171429 -0.0214286 2.09469e-15 -1.80378e-25 4.70883e-15
-0.0171429 -0.0171429 3.18405e-15 2.0712e-24 8.34537e-15
-0.0171429 -0.0128571 6.32008e-15 2.94216e-26 6.97827e-15
-0.0171429 -0.00857143 1.16883e-14 -4.23375e-24 2.10129e-15
-0.0171429 -0.00428571 1.18525e-14 -2.76677e-24 8.93003e-17
-0.0171429 3.46945e-18 5.09039e-15 8.29454e-24 1.74004e-15
-0.0171429 0.00428571 -2.1722e-15 2.55034e-23 3.57426e-15
-0.0171429 0.00857143 -5.90026e-15 3.99307e-23 3.74526e-15
-0.0171429 0.0128571 -6.60648e-15 4.33424e-23 2.79472e-15
-0.0171429 0.0171429 -5.58335e-15 3.49329e-23 1.70721e-15
-0.0171429 0.0214286 -3.74707e-15 2.11346e-23 9.5456e-16
-0.0171429 0.0257143 -1.9747e-15 9.28521e-24 5.68869e-16
-0.0171429 0.03 -8.46109e-16 2.64511e-24 4.0776e-16

-0.0128571 -0.03 4.07697e-16 -4.22538e-25 1.09063e-15
-0.0128571 -0.0257143 1.9311e-16 3.06306e-25 1.83452e-15
-0.0128571 -0.0214286 -4.04297e-17 1.23933e-24 3.03597e-15
-0.0128571 -0.0171429 2.84454e-15 -1.29892e-24 6.37392e-15
-0.0128571 -0.0128571 6.6711e-15 -1.95345e-25 9.99242e-15
-0.0128571 -0.00857143 8.72894e-15 1.24603e-23 1.06457e-14
-0.0128571 -0.00428571 8.32664e-15 3.28526e-23 9.49187e-15
-0.0128571 3.46945e-18 4.63638e-15 5.24105e-23 8.71036e-15
-0.0128571 0.00428571 -1.1446e-15 6.40759e-23 7.67123e-15
-0.0128571 0.00857143 -5.57597e-15 6.26698e-23 5.38092e-15
-0.0128571 0.0128571 -6.54885e-15 4.85652e-23 2.61033e-15
-0.0128571 0.0171429 -4.86378e-15 2.91434e-23 6.67515e-16
-0.0128571 0.0214286 -2.5636e-15 1.29848e-23 -5.47913e-17
-0.0128571 0.0257143 -9.83926e-16 3.88446e-24 -1.50748e-17
-0.0128571 0.03 -3.09998e-16 6.20427e-25 2.0148e-16

-0.00857143 -0.03 -9.7054e-17 5.70607e-25 7.92061e-16
-0.00857143 -0.0257143 -1.84778e-16 7.37173e-25 1.03242e-15
-0.00857143 -0.0214286 3.56296e-17 -2.51771e-25 1.55309e-15
-0.00857143 -0.0171429 -1.71763e-16 2.72527e-24 5.36969e-15
-0.00857143 -0.0128571 1.28045e-15 3.94394e-24 9.73225e-15
-0.00857143 -0.00857143 6.63641e-15 -3.1443e-24 8.27379e-15
-0.00857143 -0.00428571 9.91082e-15 -4.79197e-24 2.38035e-15
-0.00857143 3.46945e-18 4.83946e-15 1.08031e-23 -1.4396e-15
-0.00857143 0.00428571 -4.04469e-15 3.09669e-23 -1.34874e-15
-0.00857143 0.00857143 -8.45942e-15 3.74132e-23 -7.62622e-17
-0.00857143 0.0128571 -6.9218e-15 2.85279e-23 4.31871e-16
-0.00857143 0.0171429 -3.36024e-15 1.4906e-23 3.33953e-16
-0.00857143 0.0214286 -9.39059e-16 5.14763e-24 2.29449e-16
-0.00857143 0.0257143 -9.77117e-17 9.11628e-25 2.48624e-16
-0.00857143 0.03 -3.49174e-17 4.96846e-26 2.70628e-16

-0.00428571 -0.03 1.29584e-16 -6.55813e-26 1.61655e-16
-0.00428571 -0.0257143 2.86589e-16 -2.5324e-25 6.86033e-16
-0.00428571 -0.0214286 -2.76019e-17 1.59838e-24 9.51476e-16
-0.00428571 -0.0171429 8.94282e-16 -1.40728e-24 1.41714e-15
-0.00428571 -0.0128571 2.94203e-15 -1.36663e-24 7.36038e-15
-0.00428571 -0.00857143 4.4991e-15 2.08954e-23 1.92589e-14
-0.00428571 -0.00428571 5.73944e-15 5.63561e-23 2.7387e-14
-0.00428571 3.46945e-18 5.9297e-15 7.52727e-23 2.42183e-14
-0.00428571 0.00428571 3.62601e-15 6.68395e-23 1.37444e-14
-0.00428571 0.00857143 2.31192e-16 4.41295e-23 4.55404e-15
-0.00428571 0.0128571 -1.54518e-15 2.26697e-23 4.52851e-16
-0.00428571 0.0171429 -1.21778e-15 8.94982e-24 -6.48851e-17
-0.00428571 0.0214286 -2.38001e-16 2.54228e-24 4.06058e-16
-0.00428571 0.0257143 2.4697e-16 6.40931e-25 6.22138e-16
-0.00428571 0.03 1.81868e-16 5.77863e-25 5.14978e-16

3.46945e-18 -0.03 0 -3.26743e-27 3.24965e-16
3.46945e-18 -0.0257143 0 6.38735e-25 7.88667e-16
3.46945e-18 -0.0214286 0 -1.36014e-24 5.52223e-16
3.46945e-18 -0.0171429 0 2.53653e-25 2.36626e-15
3.46945e-18 -0.0128571 0 3.85493e-24 7.96263e-15
3.46945e-18 -0.00857143 0 -2.06216e-24 1.08603e-14
3.46945e-18 -0.00428571 1.27794e-29 -1.00005e-23 6.01671e-15
3.46945e-18 3.46945e-18 1.00415e-29 -4.14544e-24 -1.48296e-15
3.46945e-18 0.00428571 0 1.00185e-23 -4.63961e-15
3.46945e-18 0.00857143 0 1.64305e-23 -3.08196e-15
3.46945e-18 0.0128571 6.65144e-31 1.20676e-23 -4.72987e-16
3.46945e-18 0.0171429 0 5.05179e-24 8.66483e-16
3.46945e-18 0.0214286 0 1.27386e-24 9.7056e-16
3.46945e-18 0.0257143 0 5.90239e-25 6.40698e-16
3.46945e-18 0.03 0 7.95612e-25 3.6634e-16

0.00428571 -0.03 -1.29584e-16 3.42058e-25 1.61655e-16
0.00428571 -0.0257143 -2.86589e-16 3.78507e-25 6.86033e-16
0.00428571 -0.0214286 2.76019e-17 1.17194e-24 9.51476e-16
0.00428571 -0.0171429 -8.94282e-16 3.63681e-25 1.41714e-15
0.00428571 -0.0128571 -2.94203e-15 1.20502e-25 7.36038e-15
0.00428571 -0.00857143 -4.4991e-15 1.35311e-23 1.92589e-14
0.00428571 -0.00428571 -5.73944e-15 4.14404e-23 2.7387e-14
0.00428571 3.46945e-18 -5.9297e-15 6.01265e-23 2.42183e-14
0.00428571 0.00428571 -3.62601e-15 5.25419e-23 1.37444e-14
0.00428571 0.00857143 -2.31192e-16 2.94962e-23 4.55404e-15
0.00428571 0.0128571 1.54518e-15 1.05538e-23 4.52851e-16
0.00428571 0.0171429 1.21778e-15 2.65686e-24 -6.48851e-17
0.00428571 0.0214286 2.38001e-16 1.46485e-24 4.06058e-16
0.00428571 0.0257143 -2.4697e-16 1.65412e-24 6.22138e-16
0.00428571 0.03 -1.81868e-16 1.32068e-24 5.14978e-16

0.00857143 -0.03 9.7054e-17 -5.94576e-25 7.92061e-16
0.00857143 -0.0257143 1.84778e-16 -1.27709e-24 1.03242e-15
0.00857143 -0.0214286 -3.56296e-17 -3.25452e-24 1.55309e-15
0.00857143 -0.0171429 1.71763e-16 -9.80099e-24 5.36969e-15
0.00857143 -0.0128571 -1.28045e-15 -2.28389e-23 9.73225e-15
0.00857143 -0.00857143 -6.63641e-15 -3.0849e-23 8.27379e-15
0.00857143 -0.00428571 -9.91082e-15 -2.65394e-23 2.38035e-15
0.00857143 3.46945e-18 -4.83946e-15 -1.88516e-23 -1.4396e-15
0.00857143 0.00428571 4.04469e-15 -1.44486e-23 -1.34874e-15
0.00857143 0.00857143 8.45942e-15 -1.05054e-23 -7.62622e-17
0.00857143 0.0128571 6.9218e-15 -5.25051e-24 4.31871e-16
0.00857143 0.0171429 3.36024e-15 -1.01636e-24 3.33953e-16
0.00857143 0.0214286 9.39059e-16 6.23767e-25 2.29449e-16
0.00857143 0.0257143 9.77117e-17 5.4632e-25 2.48624e-16
0.00857143 0.03 3.49174e-17 1.62909e-25 2.70628e-16

0.0128571 -0.03 -4.07697e-16 -1.03913e-24 1.09063e-15
0.0128571 -0.0257143 -1.9311e-16 -3.23277e-24 1.83452e-15
0.0128571 -0.0214286 4.04297e-17 -8.08051e-24 3.03597e-15
0.0128571 -0.0171429 -2.84454e-15 -1.71169e-23 6.37392e-15
0.0128571 -0.0128571 -6.6711e-15 -3.4209e-23 9.99242e-15
0.0128571 -0.00857143 -8.72894e-15 -4.14413e-23 1.06457e-14
0.0128571 -0.00428571 -8.32664e-15 -2.56998e-23 9.49187e-15
0.0128571 3.46945e-18 -4.63638e-15 -3.71284e-24 8.71036e-15
0.0128571 0.00428571 1.1446e-15 6.54532e-24 7.67123e-15
0.0128571 0.00857143 5.57597e-15 5.73983e-24 5.38092e-15
0.0128571 0.0128571 6.54885e-15 1.97515e-24 2.61033e-15
0.0128571 0.0171429 4.86378e-15 -3.73907e-25 6.67515e-16
0.0128571 0.0214286 2.5636e-15 -9.66224e-25 -5.47913e-17
0.0128571 0.0257143 9.83926e-16 -6.97763e-25 -1.50748e-17
0.0128571 0.03 3.09998e-16 -2.76948e-25 2.0148e-16

0.0171429 -0.03 -2.99431e-16 -3.98256e-24 2.03803e-15
0.0171429 -0.0257143 -6.93291e-16 -6.93592e-24 2.16678e-15
0.0171429 -0.0214286 -2.09469e-15 -1.2906e-23 4.70883e-15
0.0171429 -0.0171429 -3.18405e-15 -4.22651e-23 8.34537e-15
0.0171429 -0.0128571 -6.32008e-15 -7.40796e-23 6.97827e-15
0.0171429 -0.00857143 -1.16883e-14 -6.05286e-23 2.10129e-15
0.0171429 -0.00428571 -1.18525e-14 -2.00163e-23 8.93003e-17
0.0171429 3.46945e-18 -5.09039e-15 1.4336e-24 1.74004e-15
0.0171429 0.00428571 2.1722e-15 9.884e-25 3.57426e-15
0.0171429 0.00857143 5.90026e-15 -2.46872e-24 3.74526e-15
0.0171429 0.0128571 6.60648e-15 -2.21071e-24 2.79472e-15
0.0171429 0.0171429 5.58335e-15 -8.59753e-25 1.70721e-15
0.0171429 0.0214286 3.74707e-15 -2.85131e-25 9.5456e-16
0.0171429 0.0257143 1.9747e-15 -2.91854e-25 5.68869e-16
0.0171429 0.03 8.46109e-16 -3.85044e-25 4.0776e-16

0.0214286 -0.03 -9.9558e-16 -3.94568e-24 2.35797e-15
0.0214286 -0.0257143 -7.86248e-16 -7.76937e-24 2.83679e-15
0.0214286 -0.0214286 -2.56157e-15 -1.28669e-23 3.82363e-15
0.0214286 -0.0171429 -5.37138e-15 -3.11628e-23 5.35241e-15
0.0214286 -0.0128571 -8.17124e-15 -4.80896e-23 4.59093e-15
0.0214286 -0.00857143 -8.77801e-15 -4.05399e-23 1.30053e-15
0.0214286 -0.00428571 -5.08706e-15 -2.22835e-23 -4.43266e-16
0.0214286 3.46945e-18 -7.54329e-16 -8.057e-24 1.43154e-15
0.0214286 0.00428571 1.25489e-15 1.86011e-24 4.45964e-15
0.0214286 0.00857143 2.26536e-15 6.62165e-24 5.67087e-15
0.0214286 0.0128571 3.45168e-15 5.92172e-24 4.65395e-15
0.0214286 0.0171429 4.16427e-15 2.98501e-24 2.77635e-15
0.0214286 0.0214286 3.75451e-15 7.74385e-25 1.29235e-15
0.0214286 0.0257143 2.55616e-15 -8.11992e-26 5.73267e-16
0.0214286 0.03 1.34351e-15 -1.83087e-25 3.91423e-16

0.0257143 -0.03 -1.26815e-15 -2.98822e-24 1.80653e-15
0.0257143 -0.0257143 -2.03989e-15 -3.49225e-24 1.9779e-15
0.0257143 -0.0214286 -3.17613e-15 -1.21042e-24 3.04272e-15
0.0257143 -0.0171429 -3.66829e-15 -1.85512e-23 3.02888e-15
0.0257143 -0.0128571 -5.25897e-15 -3.37067e-23 1.36668e-15
0.0257143 -0.00857143 -5.34855e-15 -2.37622e-23 -2.00242e-16
0.0257143 -0.00428571 -2.91764e-15 -9.28356e-24 -5.82207e-16
0.0257143 3.46945e-18 -4.81643e-16 -4.73682e-24 -2.84768e-16
0.0257143 0.00428571 1.6105e-15 -5.2907e-24 5.17164e-16
0.0257143 0.00857143 3.54832e-15 -4.92724e-24 1.77774e-15
0.0257143 0.0128571 4.59363e-15 -2.56806e-24 2.74275e-15
0.0257143 0.0171429 4.51471e-15 2.4723e-26 2.78412e-15
0.0257143 0.0214286 3.74143e-15 1.33727e-24 2.10979e-15
0.0257143 0.0257143 2.70576e-15 1.35241e-24 1.32934e-15
0.0257143 0.03 1.69775e-15 8.22917e-25 8.23392e-16

0.03 -0.03 -1.47614e-15 1.87382e-24 1.55285e-15
0.03 -0.0257143 -1.72776e-15 1.07727e-23 1.18354e-15
0.03 -0.0214286 -2.17836e-15 2.86464e-23 8.83433e-16
0.03 -0.0171429 -3.07129e-15 1.53731e-23 2.21781e-15
0.03 -0.0128571 -4.82932e-15 -7.60289e-24 2.19666e-15
0.03 -0.00857143 -4.20882e-15 -1.17998e-23 4.01277e-16
0.03 -0.00428571 -2.32716e-15 -5.63616e-24 -1.95013e-16
0.03 3.46945e-18 -1.29726e-15 2.42094e-26 8.63411e-16
0.03 0.00428571 -4.01765e-16 2.06166e-24 2.15681e-15
0.03 0.00857143 9.78175e-16 1.46125e-24 2.86504e-15
0.03 0.0128571 2.41233e-15 4.23891e-25 2.93482e-15
0.03 0.0171429 3.28866e-15 3.06776e-26 2.53019e-15
0.03 0.0214286 3.36422e-15 1.43512e-25 1.86121e-15
0.03 0.0257143 2.80854e-15 3.30871e-25 1.186e-15
0.03 0.03 1.97325e-15 3.99035e-25 7.14653e-16

