# y z Fx[N] Fy[N] Fz[N]
-0.03 -0.03 2.77799e-25 3.39978e-18 -1.03877e-17
-0.03 -0.0257143 -9.06014e-25 -1.74176e-17 3.8823e-17
-0.03 -0.0214286 -9.56705e-25 1.7044e-18 5.91528e-17
-0.03 -0.0171429 -2.33571e-26 2.69268e-17 1.0841e-17
-0.03 -0.0128571 4.75436e-25 1.4398e-17 -3.70392e-17
-0.03 -0.00857143 2.2937e-25 -2.39791e-17 -3.08375e-17
-0.03 -0.00428571 -2.07305e-25 -5.70949e-17 1.20203e-17
-0.03 3.46945e-18 -4.30605e-25 -7.51907e-17 5.51854e-17
-0.03 0.00428571 -3.9035e-25 -8.52484e-17 8.27236e-17
-0.03 0.00857143 -2.01665e-25 -9.46404e-17 9.58629e-17
-0.03 0.0128571 -2.78983e-26 -1.04938e-16 1.0066e-16
-0.03 0.0171429 -2.47252e-26 -1.12853e-16 1.02577e-16
-0.03 0.0214286 -2.62064e-25 -1.13428e-16 1.04967e-16
-0.03 0.0257143 -6.61751e-25 -1.03689e-16 1.08321e-16
-0.03 0.03 -1.03055e-24 -8.48619e-17 1.10605e-16

-0.0257143 -0.03 -9.89392e-25 -8.76542e-18 4.87247e-17
-0.0257143 -0.0257143 -7.60972e-25 1.39304e-17 7.05944e-17
-0.0257143 -0.0214286 6.11843e-25 4.76387e-17 -6.28893e-18
-0.0257143 -0.0171429 3.72069e-25 3.0015e-17 -3.4411e-17
-0.0257143 -0.0128571 -1.10489e-24 -1.26221e-18 5.53435e-17
-0.0257143 -0.00857143 -2.08862e-24 1.65388e-18 1.60021e-16
-0.0257143 -0.00428571 -2.24652e-24 2.35045e-17 2.01691e-16
-0.0257143 3.46945e-18 -2.06181e-24 3.51835e-17 1.98824e-16
-0.0257143 0.00428571 -1.78743e-24 3.1543e-17 1.90339e-16
-0.0257143 0.00857143 -1.36227e-24 1.79087e-17 1.87707e-16
-0.0257143 0.0128571 -7.15007e-25 -5.04794e-18 1.84424e-16
-0.0257143 0.0171429 6.64011e-27 -3.76167e-17 1.75639e-16
-0.0257143 0.0214286 4.6699e-25 -7.28489e-17 1.6406e-16
-0.0257143 0.0257143 4.1727e-25 -9.81408e-17 1.54803e-16
-0.0257143 0.03 -7.149e-26 -1.04389e-16 1.49379e-16

-0.0214286 -0.03 -8.55587e-25 1.42155e-17 9.42698e-17
-0.0214286 -0.0257143 7.87206e-25 6.27595e-17 1.09074e-17
-0.0214286 -0.0214286 -2.49919e-25 6.04425e-17 1.11324e-17
-0.0214286 -0.0171429 -2.59063e-24 5.6457e-17 1.98637e-16
-0.0214286 -0.0128571 -2.59654e-24 1.09208e-16 2.96631e-16
-0.0214286 -0.00857143 -1.17552e-24 1.41498e-16 1.84945e-16
-0.0214286 -0.00428571 -3.72922e-25 9.5791e-17 3.56033e-17
-0.0214286 3.46945e-18 -4.42408e-25 1.46981e-17 -1.46731e-17
-0.0214286 0.00428571 -9.41273e-25 -3.88781e-17 2.64405e-17
-0.0214286 0.00857143 -1.53641e-24 -3.86517e-17 1.01567e-16
-0.0214286 0.0128571 -1.78977e-24 -3.45594e-18 1.6531e-16
-0.0214286 0.0171429 -1.30659e-24 2.25033e-17 1.97187e-16
-0.0214286 0.0214286 -2.71523e-25 1.06159e-17 2.0077e-16
-0.0214286 0.0257143 5.99466e-25 -3.01514e-17 1.91809e-16
-0.0214286 0.03 7.50014e-25 -7.02949e-17 1.82934e-16

-0.0171429 -0.03 5.23832e-25 5.61216e-17 6.43412e-17
-0.0171429 -0.0257143 -1.41101e-25 8.43963e-17 4.03833e-17
-0.0171429 -0.0214286 -2.93036e-24 9.9263e-17 3.06682e-16
-0.0171429 -0.0171429 -1.3865e-24 1.92393e-16 3.92642e-16
-0.0171429 -0.0128571 1.50141e-24 2.40956e-16 6.53814e-17
-0.0171429 -0.00857143 9.88341e-25 1.68073e-16 -1.62304e-16
-0.0171429 -0.00428571 -8.50348e-25 8.40819e-17 -5.20383e-17
-0.0171429 3.46945e-18 -1.1831e-24 -4.36591e-18 1.3058e-16
-0.0171429 0.00428571 -2.78342e-25 -1.55244e-16 2.12988e-16
-0.0171429 0.00857143 1.16505e-25 -2.79342e-16 2.40902e-16
-0.0171429 0.0128571 -7.33063e-25 -2.58921e-16 2.6065e-16
-0.0171429 0.0171429 -1.70394e-24 -1.2958e-16 2.6394e-16
-0.0171429 0.0214286 -1.50513e-24 -1.64668e-17 2.45793e-16
-0.0171429 0.0257143 -3.3197e-25 1.37521e-17 2.20987e-16
-0.0171429 0.03 6.62565e-25 -1.61843e-17 2.04127e-16

-0.0128571 -0.03 5.9557e-25 7.78956e-17 5.16732e-17
-0.0128571 -0.0257143 -2.23708e-24 9.89259e-17 2.93675e-16
-0.0128571 -0.0214286 -1.28135e-24 1.93392e-16 5.49035e-16
-0.0128571 -0.0171429 2.21851e-24 3.22886e-16 1.84567e-16
-0.0128571 -0.0128571 -1.68927e-24 4.54648e-16 1.91904e-16
-0.0128571 -0.00857143 -7.89144e-24 1.00184e-15 1.25359e-15
-0.0128571 -0.00428571 -8.90594e-24 1.94435e-15 2.18985e-15
-0.0128571 3.46945e-18 -6.47703e-24 2.36306e-15 2.08658e-15
-0.0128571 0.00428571 -2.75664e-24 1.71963e-15 1.44745e-15
-0.0128571 0.00857143 8.07891e-25 6.07494e-16 9.64467e-16
-0.0128571 0.0128571 1.71188e-24 -1.30484e-16 7.27185e-16
-0.0128571 0.0171429 3.51698e-26 -2.83084e-16 5.66192e-16
-0.0128571 0.0214286 -1.44897e-24 -1.46746e-16 4.13769e-16
-0.0128571 0.0257143 -1.1765e-24 -2.01585e-17 2.95351e-16
-0.0128571 0.03 -2.71033e-27 8.07311e-18 2.30937e-16

-0.00857143 -0.03 -3.4359e-25 7.15272e-17 1.41443e-16
-0.00857143 -0.0257143 -1.97189e-24 1.12042e-16 5.8651e-16
-0.00857143 -0.0214286 1.4287e-24 2.45479e-16 5.22342e-16
-0.00857143 -0.0171429 -7.2582e-25 4.44731e-16 4.5149e-16
-0.00857143 -0.0128571 -8.09902e-24 1.27358e-15 2.61594e-15
-0.00857143 -0.00857143 -3.50074e-24 3.60092e-15 5.60709e-15
-0.00857143 -0.00428571 7.12083e-24 6.48924e-15 5.846e-15
-0.00857143 3.46945e-18 8.00187e-24 7.51863e-15 3.4811e-15
-0.00857143 0.00428571 3.48856e-24 5.82025e-15 1.37347e-15
-0.00857143 0.00857143 2.66959e-24 2.9491e-15 7.70563e-16
-0.00857143 0.0128571 3.54465e-24 7.86716e-16 8.9767e-16
-0.00857143 0.0171429 2.14036e-24 -1.02513e-16 9.10713e-16
-0.00857143 0.0214286 -2.47469e-25 -1.93195e-16 6.89799e-16
-0.00857143 0.0257143 -1.11629e-24 -7.03293e-17 4.37697e-16
-0.00857143 0.03 -4.57126e-25 -7.48572e-20 2.81898e-16

-0.00428571 -0.03 -5.7747e-25 4.34096e-17 2.68545e-16
-0.00428571 -0.0257143 -6.48732e-25 8.19053e-17 7.46419e-16
-0.00428571 -0.0214286 1.12544e-24 1.80683e-16 5.09585e-16
-0.00428571 -0.0171429 -2.88233e-24 4.37386e-16 1.63543e-15
-0.00428571 -0.0128571 -2.49392e-24 1.62064e-15 6.27551e-15
-0.00428571 -0.00857143 1.47218e-23 4.38444e-15 9.60667e-15
-0.00428571 -0.00428571 3.0021e-23 7.40566e-15 6.73723e-15
-0.00428571 3.46945e-18 2.5342e-23 8.28805e-15 9.22232e-16
-0.00428571 0.00428571 1.17796e-23 6.42838e-15 -2.10346e-15
-0.00428571 0.00857143 4.52918e-24 3.45867e-15 -1.49308e-15
-0.00428571 0.0128571 3.24179e-24 1.17734e-15 1.34976e-16
-0.00428571 0.0171429 2.22729e-24 1.26062e-16 9.48318e-16
-0.00428571 0.0214286 4.54619e-25 -1.0804e-16 9.03369e-16
-0.00428571 0.0257143 -5.35771e-25 -6.17158e-17 5.81682e-16
-0.00428571 0.03 -3.88576e-25 -7.76172e-18 3.40238e-16

3.46945e-18 -0.03 0 -3.2675e-27 3.24965e-16
3.46945e-18 -0.0257143 0 6.38735e-25 7.88667e-16
3.46945e-18 -0.0214286 0 -1.36014e-24 5.52223e-16
3.46945e-18 -0.0171429 0 2.53653e-25 2.36626e-15
3.46945e-18 -0.0128571 0 3.85493e-24 7.96263e-15
3.46945e-18 -0.00857143 0 -2.06217e-24 1.08603e-14
3.46945e-18 -0.00428571 0 -1.00005e-23 6.01671e-15
3.46945e-18 3.46945e-18 0 -4.14545e-24 -1.48296e-15
3.46945e-18 0.00428571 0 1.00185e-23 -4.63961e-15
3.46945e-18 0.00857143 0 1.64305e-23 -3.08196e-15
3.46945e-18 0.0128571 0 1.20676e-23 -4.72987e-16
3.46945e-18 0.0171429 0 5.05179e-24 8.66483e-16
3.46945e-18 0.0214286 0 1.27386e-24 9.7056e-16
3.46945e-18 0.0257143 0 5.90239e-25 6.40698e-16
3.46945e-18 0.03 0 7.95612e-25 3.6634e-16

0.00428571 -0.03 5.7747e-25 -4.34096e-17 2.68545e-16
0.00428571 -0.0257143 6.48732e-25 -8.19053e-17 7.46419e-16
0.00428571 -0.0214286 -1.12544e-24 -1.80683e-16 5.09585e-16
0.00428571 -0.0171429 2.88233e-24 -4.37386e-16 1.63543e-15
0.00428571 -0.0128571 2.49392e-24 -1.62064e-15 6.27551e-15
0.00428571 -0.00857143 -1.47218e-23 -4.38444e-15 9.60667e-15
0.00428571 -0.00428571 -3.0021e-23 -7.40566e-15 6.73723e-15
0.00428571 3.46945e-18 -2.5342e-23 -8.28805e-15 9.22232e-16
0.00428571 0.00428571 -1.17796e-23 -6.42838e-15 -2.10346e-15
0.00428571 0.00857143 -4.52917e-24 -3.45867e-15 -1.49308e-15
0.00428571 0.0128571 -3.24179e-24 -1.17734e-15 1.34976e-16
0.00428571 0.0171429 -2.22729e-24 -1.26062e-16 9.48318e-16
0.00428571 0.0214286 -4.54619e-25 1.0804e-16 9.03369e-16
0.00428571 0.0257143 5.35771e-25 6.17158e-17 5.81682e-16
0.00428571 0.03 3.88576e-25 7.76172e-18 3.40238e-16

0.00857143 -0.03 3.43591e-25 -7.15272e-17 1.41443e-16
0.00857143 -0.0257143 1.97189e-24 -1.12042e-16 5.8651e-16
0.00857143 -0.0214286 -1.4287e-24 -2.45479e-16 5.22342e-16
0.00857143 -0.0171429 7.25821e-25 -4.44731e-16 4.5149e-16
0.00857143 -0.0128571 8.09902e-24 -1.27358e-15 2.61594e-15
0.00857143 -0.00857143 3.50074e-24 -3.60092e-15 5.60709e-15
0.00857143 -0.00428571 -7.12083e-24 -6.48924e-15 5.846e-15
0.00857143 3.46945e-18 -8.00187e-24 -7.51863e-15 3.4811e-15
0.00857143 0.00428571 -3.48856e-24 -5.82025e-15 1.37347e-15
0.00857143 0.00857143 -2.66958e-24 -2.9491e-15 7.70563e-16
0.00857143 0.0128571 -3.54465e-24 -7.86716e-16 8.9767e-16
0.00857143 0.0171429 -2.14036e-24 1.02513e-16 9.10713e-16
0.00857143 0.0214286 2.47469e-25 1.93195e-16 6.89799e-16
0.00857143 0.0257143 1.11629e-24 7.03293e-17 4.37697e-16
0.00857143 0.03 4.57126e-25 7.4859e-20 2.81898e-16

0.0128571 -0.03 -5.9557e-25 -7.78956e-17 5.16732e-17
0.0128571 -0.0257143 2.23708e-24 -9.89259e-17 2.93675e-16
0.0128571 -0.0214286 1.28135e-24 -1.93392e-16 5.49035e-16
0.0128571 -0.0171429 -2.21851e-24 -3.22886e-16 1.84567e-16
0.0128571 -0.0128571 1.68927e-24 -4.54648e-16 1.91904e-16
0.0128571 -0.00857143 7.89144e-24 -1.00184e-15 1.25359e-15
0.0128571 -0.00428571 8.90594e-24 -1.94435e-15 2.18985e-15
0.0128571 3.46945e-18 6.47703e-24 -2.36306e-15 2.08658e-15
0.0128571 0.00428571 2.75664e-24 -1.71963e-15 1.44745e-15
0.0128571 0.00857143 -8.07891e-25 -6.07494e-16 9.64467e-16
0.0128571 0.0128571 -1.71188e-24 1.30484e-16 7.27185e-16
0.0128571 0.0171429 -3.51698e-26 2.83084e-16 5.66192e-16
0.0128571 0.0214286 1.44897e-24 1.46746e-16 4.13769e-16
0.0128571 0.0257143 1.1765e-24 2.01585e-17 2.95351e-16
0.0128571 0.03 2.71006e-27 -8.07311e-18 2.30937e-16

0.0171429 -0.03 -5.23832e-25 -5.61216e-17 6.43412e-17
0.0171429 -0.0257143 1.411e-25 -8.43963e-17 4.03833e-17
0.0171429 -0.0214286 2.93036e-24 -9.9263e-17 3.06682e-16
0.0171429 -0.0171429 1.3865e-24 -1.92393e-16 3.92642e-16
0.0171429 -0.0128571 -1.50141e-24 -2.40956e-16 6.53814e-17
0.0171429 -0.00857143 -9.88341e-25 -1.68073e-16 -1.62304e-16
0.0171429 -0.00428571 8.50348e-25 -8.40819e-17 -5.20383e-17
0.0171429 3.46945e-18 1.1831e-24 4.36591e-18 1.3058e-16
0.0171429 0.00428571 2.78342e-25 1.55244e-16 2.12988e-16
0.0171429 0.00857143 -1.16505e-25 2.79342e-16 2.40902e-16
0.0171429 0.0128571 7.33063e-25 2.58921e-16 2.6065e-16
0.0171429 0.0171429 1.70394e-24 1.2958e-16 2.6394e-16
0.0171429 0.0214286 1.50513e-24 1.64668e-17 2.45793e-16
0.0171429 0.0257143 3.3197e-25 -1.37521e-17 2.20987e-16
0.0171429 0.03 -6.62565e-25 1.61843e-17 2.04127e-16

0.0214286 -0.03 8.55587e-25 -1.42155e-17 9.42698e-17
0.0214286 -0.0257143 -7.87206e-25 -6.27595e-17 1.09074e-17
0.0214286 -0.0214286 2.49919e-25 -6.04425e-17 1.11324e-17
0.0214286 -0.0171429 2.59063e-24 -5.6457e-17 1.98637e-16
0.0214286 -0.0128571 2.59654e-24 -1.09208e-16 2.96631e-16
0.0214286 -0.00857143 1.17552e-24 -1.41498e-16 1.84945e-16
0.0214286 -0.00428571 3.72922e-25 -9.5791e-17 3.56033e-17
0.0214286 3.46945e-18 4.42408e-25 -1.46981e-17 -1.46731e-17
0.0214286 0.00428571 9.41273e-25 3.88781e-17 2.64405e-17
0.0214286 0.00857143 1.53641e-24 3.86517e-17 1.01567e-16
0.0214286 0.0128571 1.78977e-24 3.45594e-18 1.6531e-16
0.0214286 0.0171429 1.30659e-24 -2.25033e-17 1.97187e-16
0.0214286 0.0214286 2.71523e-25 -1.06159e-17 2.0077e-16
0.0214286 0.0257143 -5.99466e-25 3.01514e-17 1.91809e-16
0.0214286 0.03 -7.50014e-25 7.02949e-17 1.82934e-16

0.0257143 -0.03 9.89392e-25 8.76542e-18 4.87247e-17
0.0257143 -0.0257143 7.60972e-25 -1.39304e-17 7.05944e-17
0.0257143 -0.0214286 -6.11843e-25 -4.76387e-17 -6.28893e-18
0.0257143 -0.0171429 -3.72069e-25 -3.0015e-17 -3.4411e-17
0.0257143 -0.0128571 1.10489e-24 1.26221e-18 5.53435e-17
0.0257143 -0.00857143 2.08862e-24 -1.65388e-18 1.60021e-16
0.0257143 -0.00428571 2.24652e-24 -2.35045e-17 2.01691e-16
0.0257143 3.46945e-18 2.06181e-24 -3.51835e-17 1.98824e-16
0.0257143 0.00428571 1.78743e-24 -3.1543e-17 1.90339e-16
0.0257143 0.00857143 1.36227e-24 -1.79087e-17 1.87707e-16
0.0257143 0.0128571 7.15008e-25 5.04794e-18 1.84424e-16
0.0257143 0.0171429 -6.63979e-27 3.76167e-17 1.75639e-16
0.0257143 0.0214286 -4.6699e-25 7.28489e-17 1.6406e-16
0.0257143 0.0257143 -4.1727e-25 9.81408e-17 1.54803e-16
0.0257143 0.03 7.14899e-26 1.04389e-16 1.49379e-16

0.03 -0.03 -2.77799e-25 -3.39978e-18 -1.03877e-17
0.03 -0.0257143 9.06014e-25 1.74176e-17 3.8823e-17
0.03 -0.0214286 9.56705e-25 -1.7044e-18 5.91528e-17
0.03 -0.0171429 2.33572e-26 -2.69268e-17 1.0841e-17
0.03 -0.0128571 -4.75436e-25 -1.4398e-17 -3.70392e-17
0.03 -0.00857143 -2.2937e-25 2.39791e-17 -3.08375e-17
0.03 -0.00428571 2.07305e-25 5.70949e-17 1.20203e-17
0.03 3.46945e-18 4.30605e-25 7.51907e-17 5.51854e-17
0.03 0.00428571 3.9035e-25 8.52484e-17 8.27236e-17
0.03 0.00857143 2.01665e-25 9.46404e-17 9.58629e-17
0.03 0.0128571 2.78984e-26 1.04938e-16 1.0066e-16
0.03 0.0171429 2.47252e-26 1.12853e-16 1.02577e-16
0.03 0.0214286 2.62064e-25 1.13428e-16 1.04967e-16
0.03 0.0257143 6.61751e-25 1.03689e-16 1.08321e-16
0.03 0.03 1.03055e-24 8.48619e-17 1.10605e-16

